######## LAT of SBox-0 ########
Linear Uniformity = 4
	|0	1	2	3	4	5	6	7	8	9	A	B	C	D	E	F
-----------------------------------------------------------------
0	|-8	0	0	0	0	0	0	0	0	0	0	0	0	0	0	0	
1	|0	0	0	0	-4	-4	-4	4	0	0	0	0	0	0	0	0	
2	|0	0	-4	-4	0	0	0	0	-2	2	2	-2	-2	2	-2	2	
3	|0	0	0	0	0	0	-4	-4	-2	2	-2	2	2	-2	-2	2	
4	|0	0	0	0	0	0	0	0	4	0	-4	0	-4	0	-4	0	
5	|0	0	0	0	0	0	0	0	-4	0	-4	0	0	4	0	-4	
6	|0	0	-4	4	0	0	0	0	-2	-2	2	2	-2	-2	-2	-2	
7	|0	0	0	0	-4	4	0	0	-2	-2	-2	-2	-2	-2	2	2	
8	|0	-4	0	0	-2	-2	2	-2	0	-4	0	0	2	2	-2	2	
9	|0	-4	0	0	-2	-2	2	-2	0	4	0	0	-2	-2	2	-2	
10	|0	0	-4	0	2	-2	-2	-2	2	-2	-2	-2	0	0	4	0	
11	|0	0	0	-4	-2	2	-2	-2	2	-2	2	2	0	0	0	-4	
12	|0	4	0	0	-2	-2	2	-2	0	0	0	-4	2	-2	-2	-2	
13	|0	-4	0	0	2	2	-2	2	0	0	0	-4	2	-2	-2	-2	
14	|0	0	4	0	2	-2	-2	-2	-2	-2	2	-2	-4	0	0	0	
15	|0	0	0	-4	2	-2	2	2	-2	-2	-2	2	0	-4	0	0	


######## LAT of SBox-1 ########
Linear Uniformity = 4
	|0	1	2	3	4	5	6	7	8	9	A	B	C	D	E	F
-----------------------------------------------------------------
0	|-8	0	0	0	0	0	0	0	0	0	0	0	0	0	0	0	
1	|0	2	2	0	0	-2	2	4	0	2	-2	4	0	-2	-2	0	
2	|0	2	-2	0	2	0	0	-2	0	-2	-2	4	2	4	0	2	
3	|0	4	0	0	-2	2	-2	-2	0	0	-4	0	-2	-2	2	-2	
4	|0	0	0	0	0	0	0	0	0	0	0	0	4	-4	4	4	
5	|0	2	2	0	0	-2	2	-4	-4	-2	2	0	0	-2	-2	0	
6	|0	-2	-2	-4	-2	0	4	-2	0	2	-2	0	2	0	0	-2	
7	|0	0	0	4	2	2	2	-2	4	0	0	0	2	-2	-2	-2	
8	|0	-2	2	0	2	0	0	-2	0	2	2	4	-2	0	4	-2	
9	|0	0	-4	0	2	-2	2	2	0	-4	0	0	-2	-2	2	-2	
10	|0	0	0	0	0	-4	-4	0	0	0	0	0	4	0	0	-4	
11	|0	2	2	0	4	-2	2	0	0	2	-2	-4	0	2	2	0	
12	|0	-2	-2	4	-2	-4	0	-2	0	2	-2	0	-2	0	0	2	
13	|0	0	0	4	-2	2	2	2	-4	0	0	0	2	2	2	-2	
14	|0	4	-4	0	0	0	0	0	0	4	4	0	0	0	0	0	
15	|0	-2	-2	0	4	2	-2	0	-4	2	-2	0	0	-2	-2	0	


######## LAT of SBox-2 ########
Linear Uniformity = 4
	|0	1	2	3	4	5	6	7	8	9	A	B	C	D	E	F
------------------------------------------------------------------
0	|-8	0	0	0	0	0	0	0	0	0	0	0	0	0	0	0	
1	|0	0	0	0	0	0	0	0	0	0	-4	4	0	0	-4	-4	
2	|0	0	-2	-2	-2	2	0	-4	2	2	0	0	0	-4	2	-2	
3	|0	0	-2	-2	2	-2	4	0	-2	-2	0	0	0	-4	-2	2	
4	|0	0	-2	-2	2	2	0	0	0	-4	2	-2	-2	2	0	-4	
5	|0	-4	2	-2	2	-2	-4	0	0	0	2	2	-2	-2	0	0	
6	|0	0	0	0	-4	0	0	4	-2	2	2	-2	-2	-2	-2	-2	
7	|0	-4	-4	0	0	0	0	0	2	2	-2	-2	-2	2	-2	2	
8	|0	0	0	0	0	4	0	4	2	-2	-2	2	-2	-2	2	2	
9	|0	4	0	-4	0	0	0	0	2	2	2	2	-2	2	-2	2	
10	|0	0	2	2	2	2	0	0	4	0	2	-2	2	-2	-4	0	
11	|0	-4	2	-2	-2	2	4	0	0	0	2	2	2	2	0	0	
12	|0	0	-2	-2	2	-2	0	4	2	2	0	0	4	0	2	-2	
13	|0	0	2	2	2	-2	4	0	2	2	0	0	-4	0	2	-2	
14	|0	0	-4	4	0	0	0	0	0	0	4	4	0	0	0	0	
15	|0	0	0	0	4	4	0	0	-4	4	0	0	0	0	0	0	


######## LAT of SBox-3 ########
Linear Uniformity = 4
	|0	1	2	3	4	5	6	7	8	9	A	B	C	D	E	F
------------------------------------------------------------------
0	|-8	0	0	0	0	0	0	0	0	0	0	0	0	0	0	0	
1	|0	0	0	0	0	0	0	0	0	-4	4	0	0	4	4	0	
2	|0	0	0	4	0	0	0	4	0	0	0	-4	0	0	0	4	
3	|0	0	-4	0	0	0	4	0	0	-4	0	0	0	-4	0	0	
4	|0	-2	-2	0	4	2	-2	0	0	-2	-2	0	-4	2	-2	0	
5	|0	2	2	0	4	-2	2	0	0	-2	-2	0	4	2	-2	0	
6	|0	2	-2	0	0	2	2	-4	0	2	-2	0	0	2	2	4	
7	|0	-2	-2	-4	0	-2	2	0	0	2	2	-4	0	2	-2	0	
8	|0	-4	2	-2	0	0	2	2	4	0	-2	2	0	0	2	2	
9	|0	0	-2	-2	0	-4	-2	2	-4	0	-2	2	0	0	2	2	
10	|0	-4	2	2	0	0	2	-2	-4	0	-2	-2	0	0	2	-2	
11	|0	0	2	-2	0	4	2	2	-4	0	2	2	0	0	-2	2	
12	|0	2	0	-2	4	2	0	2	0	2	0	-2	0	-2	4	-2	
13	|0	2	0	-2	-4	2	0	2	0	-2	-4	-2	0	2	0	-2	
14	|0	-2	0	-2	0	2	-4	-2	0	-2	0	-2	4	-2	0	2	
15	|0	-2	-4	2	0	2	0	2	0	2	0	2	4	2	0	-2	


######## LAT of SBox-4 ########
Linear Uniformity = 4
	|0	1	2	3	4	5	6	7	8	9	A	B	C	D	E	F
------------------------------------------------------------------
0	|-8	0	0	0	0	0	0	0	0	0	0	0	0	0	0	0	
1	|0	2	-4	2	0	2	0	-2	-2	0	2	0	-2	0	-2	-4	
2	|0	2	0	2	4	-2	-4	-2	0	2	0	2	0	2	0	2	
3	|0	0	0	4	0	0	4	0	-2	-2	-2	2	2	2	-2	2	
4	|0	0	0	0	0	0	0	0	-4	0	4	0	4	0	4	0	
5	|0	2	4	2	0	2	0	-2	2	0	-2	0	2	0	2	-4	
6	|0	-2	0	-2	0	-2	0	-2	0	2	0	2	4	-2	-4	-2	
7	|0	-4	0	0	4	0	0	0	-2	-2	-2	2	-2	-2	2	-2	
8	|0	-4	0	0	0	4	0	0	0	4	0	0	0	4	0	0	
9	|0	2	4	-2	0	2	0	2	-2	0	2	4	-2	0	-2	0	
10	|0	-2	0	2	-4	2	-4	-2	0	-2	0	2	0	-2	0	2	
11	|0	0	0	0	0	0	-4	4	-2	-2	-2	-2	2	2	-2	-2	
12	|0	0	0	-4	0	0	0	-4	0	-4	0	0	0	4	0	0	
13	|0	-2	4	2	0	-2	0	-2	-2	0	2	-4	-2	0	-2	0	
14	|0	-2	0	2	0	-2	0	2	4	-2	4	2	0	2	0	-2	
15	|0	0	0	0	4	4	0	0	2	-2	2	-2	2	-2	-2	2	


######## LAT of SBox-5 ########
Linear Uniformity = 4
	|0	1	2	3	4	5	6	7	8	9	A	B	C	D	E	F
-----------------------------------------------------------------
0	|-8	0	0	0	0	0	0	0	0	0	0	0	0	0	0	0	
1	|0	4	2	-2	0	0	2	2	-4	0	-2	2	0	0	2	2	
2	|0	2	-2	0	0	-2	2	0	0	2	2	-4	4	2	2	0	
3	|0	-2	0	-2	4	2	0	-2	-4	2	0	-2	0	-2	0	-2	
4	|0	0	0	4	0	0	0	4	0	4	0	0	0	-4	0	0	
5	|0	0	-2	2	0	-4	-2	-2	-4	0	2	2	0	0	-2	2	
6	|0	2	2	0	0	-2	-2	0	0	-2	-2	0	4	-2	-2	-4	
7	|0	2	0	-2	4	-2	0	-2	4	2	0	2	0	-2	0	2	
8	|0	-4	0	-4	0	-4	0	4	0	0	0	0	0	0	0	0	
9	|0	0	2	2	4	0	-2	2	0	-4	2	-2	0	0	2	2	
10	|0	-2	2	0	0	2	-2	0	0	2	-2	0	4	2	-2	4	
11	|0	2	-4	-2	0	2	0	2	0	-2	0	-2	0	-2	-4	2	
12	|0	0	4	0	0	0	4	0	0	0	4	0	0	0	-4	0	
13	|0	0	2	-2	-4	0	-2	-2	0	0	2	-2	0	-4	2	2	
14	|0	2	2	0	0	-2	-2	0	0	2	-2	-4	-4	2	-2	0	
15	|0	2	0	-2	0	2	-4	2	0	2	4	2	0	2	0	-2	


######## LAT of SBox-6 ########
Linear Uniformity = 4
	|0	1	2	3	4	5	6	7	8	9	A	B	C	D	E	F
-----------------------------------------------------------------
0	|-8	0	0	0	0	0	0	0	0	0	0	0	0	0	0	0	
1	|0	-2	0	2	2	0	-2	0	-2	0	-2	4	0	2	4	2	
2	|0	0	0	0	0	0	4	4	0	0	0	0	0	0	4	-4	
3	|0	2	0	-2	2	-4	2	0	-2	-4	-2	0	0	-2	0	2	
4	|0	2	0	2	2	0	-2	4	2	0	-2	-4	0	2	0	2	
5	|0	0	0	-4	0	4	0	0	0	0	-4	0	-4	0	0	0	
6	|0	-2	0	-2	-2	0	-2	0	2	-4	-2	0	4	2	0	-2	
7	|0	0	0	-4	4	0	0	0	0	0	4	0	0	4	0	0	
8	|0	2	0	2	0	-2	0	-2	-2	0	-2	0	-2	4	-2	-4	
9	|0	4	0	0	2	2	-2	2	0	0	0	4	2	-2	-2	-2	
10	|0	2	4	-2	0	-2	0	-2	2	4	-2	0	2	0	2	0	
11	|0	0	-4	0	2	-2	-2	-2	4	0	0	0	-2	-2	2	-2	
12	|0	0	0	0	-2	-2	2	2	4	0	0	4	-2	2	-2	2	
13	|0	2	0	-2	-4	-2	-4	2	-2	0	2	0	-2	0	2	0	
14	|0	-4	4	0	2	-2	-2	2	0	0	0	0	-2	-2	-2	-2	
15	|0	2	4	2	0	2	0	-2	2	-4	2	0	-2	0	2	0	


######## LAT of SBox-7 ########
Linear Uniformity = 6
	|0	1	2	3	4	5	6	7	8	9	A	B	C	D	E	F
-----------------------------------------------------------------
0	|-8	0	0	0	0	0	0	0	0	0	0	0	0	0	0	0	
1	|0	0	0	-4	0	0	0	4	2	2	-2	2	2	2	-2	2	
2	|0	0	-2	-2	0	4	2	-2	0	0	-2	-2	-4	0	-2	2	
3	|0	0	-2	2	0	4	2	2	-2	-2	0	4	2	-2	0	0	
4	|0	-2	0	-2	0	-2	0	-2	2	0	-2	4	-2	-4	2	0	
5	|0	2	0	-2	0	2	0	-2	4	-2	4	2	0	2	0	-2	
6	|0	-2	2	0	0	2	-2	0	2	0	0	-2	2	-4	-4	-2	
7	|0	2	2	0	0	-2	6	0	0	2	2	0	0	-2	-2	0	
8	|0	0	-2	2	2	-2	0	0	0	0	-2	2	-2	2	-4	-4	
9	|0	0	2	2	-2	2	0	4	2	2	0	0	-4	0	2	-2	
10	|0	0	-4	0	-2	-2	-2	2	0	0	4	0	-2	-2	-2	2	
11	|0	0	0	0	2	2	-2	-2	-2	6	2	2	0	0	0	0	
12	|0	2	-2	-4	2	0	0	2	-2	0	0	-2	0	-2	2	-4	
13	|0	-2	2	0	6	0	0	2	0	-2	2	0	-2	0	0	2	
14	|0	-6	0	-2	-2	0	2	0	-2	0	2	0	0	2	0	-2	
15	|0	-2	-4	2	2	0	2	0	4	2	0	-2	2	0	2	0	


######## LAT of SBox-8 ########
Linear Uniformity = 4
	|0	1	2	3	4	5	6	7	8	9	A	B	C	D	E	F
-----------------------------------------------------------------
0	|-8	0	0	0	0	0	0	0	0	0	0	0	0	0	0	0	
1	|0	0	-2	2	0	0	-2	2	-4	-4	2	-2	0	0	-2	2	
2	|0	-4	0	-4	0	-4	0	4	0	0	0	0	0	0	0	0	
3	|0	0	2	-2	0	0	2	-2	-4	0	-2	-2	0	-4	2	2	
4	|0	0	4	0	0	0	-4	0	0	0	-4	0	0	0	-4	0	
5	|0	0	-2	-2	0	0	-2	-2	-4	4	2	2	0	0	-2	-2	
6	|0	4	0	0	0	-4	0	0	0	0	0	-4	0	0	0	-4	
7	|0	0	-2	-2	0	0	-2	-2	4	0	2	-2	0	-4	-2	2	
8	|0	-2	0	2	4	-2	0	-2	0	-2	0	2	-4	-2	0	-2	
9	|0	-2	2	0	-4	-2	2	-4	0	-2	2	0	0	2	-2	0	
10	|0	2	0	-2	-4	2	0	2	0	-2	0	2	-4	-2	0	-2	
11	|0	-2	-2	4	-4	-2	-2	0	0	2	-2	0	0	-2	2	0	
12	|0	-2	0	-2	0	2	-4	-2	0	-2	0	-2	0	2	4	-2	
13	|0	-2	-2	0	0	2	2	0	0	-2	-2	0	4	-2	-2	-4	
14	|0	2	-4	-2	0	-2	0	-2	0	-2	-4	2	0	2	0	2	
15	|0	-2	-2	0	0	2	2	0	0	2	-2	-4	-4	2	-2	0	


